{
  "advancedEditorSelectedIdentifier" : "ProjectBrowser",
  "openSceneRelativePaths" : [
    "Scene.usda"
  ],
  "recentIdentifiers" : {

  },
  "sceneCameraHistory" : {
    "26DBAE76-5DD8-47B6-A085-1B4ADA111097" : [
      {
        "date" : 717690445.32179201,
        "title" : "Untitled",
        "transform" : [
          0.99843716621398926,
          1.8875017104846847e-09,
          0.055885378271341324,
          0,
          0.014710459858179092,
          0.96473437547683716,
          -0.26281380653381348,
          0,
          -0.053914546966552734,
          0.26322522759437561,
          0.96322673559188843,
          0,
          -0.046072959899902344,
          0.14927992224693298,
          0.37701433897018433,
          1
        ]
      },
      {
        "date" : 717690369.50538898,
        "title" : "Untitled",
        "transform" : [
          0.99843716621398926,
          1.8875017104846847e-09,
          0.055885378271341324,
          0,
          0.014710459858179092,
          0.96473437547683716,
          -0.26281380653381348,
          0,
          -0.053914546966552734,
          0.26322522759437561,
          0.96322673559188843,
          0,
          -0.049823984503746033,
          0.14309680461883545,
          0.37849405407905579,
          1
        ]
      },
      {
        "date" : 717690287.607023,
        "title" : "Untitled",
        "transform" : [
          0.99611395597457886,
          1.9907600012913917e-09,
          -0.088073752820491791,
          0,
          -0.010145705193281174,
          0.99334275722503662,
          -0.11474814265966415,
          0,
          0.08748742938041687,
          0.11519583314657211,
          0.98948264122009277,
          0,
          0.0035424157977104187,
          0.086739450693130493,
          0.35950365662574768,
          1
        ]
      },
      {
        "date" : 717689672.38689494,
        "title" : "Untitled",
        "transform" : [
          0.99611383676528931,
          1.9907597792467868e-09,
          -0.088073745369911194,
          0,
          -0.010145705193281174,
          0.99334275722503662,
          -0.11474814265966415,
          0,
          0.08748742938041687,
          0.11519583314657211,
          0.98948264122009277,
          0,
          0.031992495059967041,
          0.046075072139501572,
          0.36172235012054443,
          1
        ]
      },
      {
        "date" : 717689657.16621006,
        "title" : "Untitled",
        "transform" : [
          0.99869585037231445,
          3.2944608152618571e-10,
          0.051055449992418289,
          0,
          0.01234337966889143,
          0.97033500671386719,
          -0.24144886434078217,
          0,
          -0.049540892243385315,
          0.24176420271396637,
          0.96906948089599609,
          0,
          -0.018643885850906372,
          0.093027934432029724,
          0.3647521436214447,
          1
        ]
      },
      {
        "date" : 717689353.74757397,
        "title" : "Untitled",
        "transform" : [
          0.99981439113616943,
          -1.5937284825184861e-10,
          0.019265405833721161,
          0,
          0.0062913801521062851,
          0.94517523050308228,
          -0.32650297880172729,
          0,
          -0.01820918545126915,
          0.32656359672546387,
          0.94499975442886353,
          0,
          -0.0069898432120680809,
          0.12525008618831635,
          0.36275100708007812,
          1
        ]
      },
      {
        "date" : 717689340.05269504,
        "title" : "Untitled",
        "transform" : [
          1,
          0,
          -0,
          0,
          -0,
          0.86602544784545898,
          -0.49999994039535522,
          0,
          0,
          0.49999994039535522,
          0.86602544784545898,
          0,
          0,
          0.19182790815830231,
          0.33245572447776794,
          1
        ]
      }
    ]
  }
}